125
125
313
313
835
835
120
206
209
264
162
186
578
80
909
282
436
82
216
542
667
915
793
4
918
580
324
563
394
147
27
263
24
18
705
860
330
548
393
285
97
83
641
428
690
620
590
569
136
738
993
462
81
365
355
954
500
22
559
138
93
108
522
696
647
76
963
743
370
700
663
88
425
873
826
416
740
317
981
208
673
648
313
316
760
809
258
386
245
676
266
93
530
718
942
710
25
582
673
53
315
211
398
582
886
456
609
492
915
982
843
223
284
162
360
31
198
284
296
295
88
888
320
293
600
382
531
585
384
140
736
552
881
598
517
85
659
257
578
832
914
953
561
257
50
598
837
562
603
209
284
760
954
492
915
594
323
387
659
476
791
178
557
235
568
518
71
175
527
735
783
441
171
536
816
653
305
342
807
334
580
97
35
458
875
967
899
940
83
718
569
578
576
270
19
629
434
344
314
930
31
317
223
184
632
819
242
549
663
334
185
39
3
386
58
479
679
108
7
213
663
108
206
634
619
26
960
549
898
404
905
816
721
445
456
261
200
282
3
598
749
815
268
126
802
286
185
745
300
655
132
772
973
120
267
940
553
97
318
882
895
291
41
975
581
442
190
931
180
572
181
777
789
551
748
853
815
79
375
610
138
362
305
98
235
870
555
966
101
313
586
639
330
21
191
101
673
788
1000
638
151
85
585
976
772
891
988
862
358
237
659
361
87
438
81
838
865
208
748
13
662
284
787
115
790
34
713
890
532
163
576
468
662
209
297
360
330
38
725
257
907
735
61
512
880
682
499
320
299
316
119
701
131
785
127
441
977
548
145
864
680
174
360
541
589
580
815
449
277
144
472
740
886
891
178
695
827
518
34
824
423
523
444
266
804
78
291
740
604
273
637
663
675
975
976
156
153
779
447
225
614
472
398
930
365
681
174
135
279
575
792
268
168
609
621
986
669
889
363
849
142
524
66
915
7
913
653
641
961
966
436
208
434
414
810
824
672
36
335
239
141
945
124
552
378
808
512
807
405
516
727
165
718
41
608
713
946
920
9
463
916
696
986
707
848
986
133
73
514
532
527
249
776
624
300
36
608
987
7
909
422
873
317
28
627
172
528
934
164
143
318
958
631
385
788
903
557
671
468
168
50
979
236
92
42
303
553
470
142
327
803
354
535
415
533
899
332
4
844
195
395
845
414
771
854
274
505
299
785
894
908
780
361
667
932
902
56
404
730
332
257
403
452
716
874
738
346
111
185
272
504
273
762
988
766
788
345
998
624
485
219
86
726
119
410
117
128
763
641
887
677
644
441
231
367
547
434
557
73
34
735
156
421
487
144
830
682
340
437
846
314
845
492
331
791
755
872
42
726
53
79
781
468
751
762
408
384
5
773
222
951
942
251
845
506
865
42
660
896
534
329
905
827
54
977
528
656
16
829
215
822
477
250
305
878
448
710
159
738
400
997
642
775
198
71
775
996
549
3
121
472
696
213
223
336
360
307
252
268
245
245
392
560
376
667
139
940
359
969
670
728
412
191
981
667
859
240
480
486
624
376
834
836
750
569
179
136
367
345
240
644
487
609
251
861
149
724
878
390
770
808
566
899
367
270
209
783
920
219
606
877
937
171
677
245
560
524
326
538
802
489
323
835
614
849
649
798
267
286
632
813
503
70
228
612
144
896
698
310
226
101
898
672
224
304
173
999
494
460
262
927
68
639
730
532
446
121
624
583
194
793
254
690
343
608
747
904
342
389
277
386
502
482
243
641
121
519
774
67
790
770
361
819
292
24
606
943
174
150
335
435
403
606
519
847
420
76
597
353
735
361
734
258
48
472
919
56
359
816
404
904
832
485
567
436
583
212
517
20
443
265
197
131
807
672
545
62
331
44
69
863
958
829
497
13
734
585
619
21
292
158
100
160
833
564
93
438
760
135
453
170
633
513
268
548
679
595
12
267
758
251
300
287
313
275
720
866
274
858
285
339
208
148
379
295
499
32
36
601
719
73
891
897
636
707
259
125
274
987
13
463
99
483
605
973
338
290
461
767
10
221
96
135
515
109
40
415
549
97
1000
13
649
647
148
862
814
878
797
813
488
538
284
630
269
520
767
585
739
500
185
848
805
960
7
7
880
61
320
27
699
819
999
836
503
142
546
781
139
504
418
819
444
928
767
82
532
466
533
702
728
280
252
554
512
667
603
341
837
967
275
443
186
412
876
218
721
310
294
155
586
728
580
513
66
157
344
269
788
1000
433
968
436
715
229
865
900
23
681
446
499
460
898
215